"1","----------------------------------------------------------------------------"
"1"," "
"1","
"
"1","group"
"1",""
"1",": "
"1",""
"1","09:51:44.211000"
"1",""
"1","
"
