"1","----------------------------------------------------------------------------"
"1"," "
"1","
"
"1","group"
"1",""
"1",": "
"1",""
"1","14:08:51.946000"
"1",""
"1","
"
